Station 1977 1978 1979 1980 1981 1982 1984 1985 1986 1987 1988* 1989* 1990** 1991* 1992 1993* 1994 1995** 1996** 1997** 1998** 1999** 2000** 2001** 2002** 2003** 2004** 2005** 2006** 2007** 2008** 2009** 2010** 2011*** 2012***
Addison Road ---- 2,507 2,964 4,435 3,723 4,356 4,802 5,185 5,450 5,703 5,321 5,803 5,631 5,718 5,238 5,162 5,290 5,833 6,085 6,682 6,022 6,007 5,865 5,603 3,798 4,076 3,939 3,897 3,674 3,759 3,626 3,544
Anacostia ----- - -- ----- - 6,887 7,902 8,487 8,182 7,848 8,197 8,911 9,317 10,131 7,226 7,198 7,118 7,036 7,118 7,778 7,642 7,681 7,719 7,774 7,479 7,598
Archives-Navy Memoria ----- - 2,728 3,364 3,693 3,511 3,625 4,184 3,871 4,831 6,086 6,579 5,961 6,164 6,201 6,202 5,880 6,151 6,846 7,668 7,810 7,740 8,578 8,570 8,412 8,520 9,324 9,539 9,727 9,565 9,496
Arlington Cemetery 140 219 384 362 876 215 416 1,099 341 731 984 1,342 1,102 1,064 1,294 1,263 804 1,480 1,583 1,826 2,074 1,688 1,759 1,905 1,825 1,441 1,644 1,752 1,821 1,889 2,081 1,970 1,889 1,866 1,827
Ballston - - - 9,352 10,250 10,173 10,060 10,239 11,325 8,116 8,218 8,902 9,531 9,482 9,662 9,721 10,712 9,892 9,653 9,407 9,759 10,317 10,450 11,257 11,214 11,262 11,620 11,639 12,322 12,564 12,807 12,414 12,508 12,016 12,042
Benning Road ---- 2,497 3,078 2,973 3,050 3,468 3,546 3,873 4,075 3,883 3,622 3,159 2,898 2,770 2,775 2,662 2,621 2,784 2,787 2,999 3,099 2,976 2,988 3,052 3,240 3,392 3,288 3,382 3,316 3,399 3,241 3,183
Bethesda ----- - - 5,011 6,163 7,105 6,837 7,305 7,572 7,401 7,779 7,193 7,625 7,501 7,406 7,596 7,889 7,885 8,469 8,591 8,717 9,205 9,430 9,946 10,530 10,738 10,968 10,730 10,605 10,765 10,888
Braddock Road ----- - 1,295 2,124 2,395 2,549 2,684 2,876 3,054 3,158 3,052 3,227 3,305 3,270 3,113 3,103 3,209 3,309 3,481 3,777 3,804 3,917 4,054 4,202 4,316 4,327 4,506 4,593 4,524 4,559 4,484
Branch Avenue - - - - - - - - - - - - - - -- - - - - - - - 4,860 5,501 5,720 6,032 6,198 6,493 6,510 6,667 6,448 6,868 6,660 6,765
Brookland - 3,451 5,204 6,333 5,740 5,538 5,428 5,741 6,649 6,573 7,345 7,991 6,976 7,508 6,896 6,769 6,180 5,585 5,341 5,502 5,593 5,845 5,951 6,345 6,230 6,280 6,303 6,377 6,619 6,795 7,036 7,158 6,858 6,576 6,827
Capitol Heights ---- 1,890 1,965 2,217 2,317 2,595 2,972 2,969 3,125 2,922 2,781 2,453 2,247 2,158 2,099 1,983 1,975 2,180 2,248 2,324 2,219 2,143 2,089 1,956 1,972 2,123 2,137 2,225 2,221 2,241 2,150 2,374
Capitol South 3,696 5,003 5,392 6,758 6,684 7,429 6,052 7,480 7,807 8,759 8,685 8,629 8,383 8,604 7,419 8,102 6,984 7,214 6,724 6,720 6,518 6,509 7,001 7,656 7,252 7,375 7,907 8,303 8,455 8,452 8,900 9,414 9,639 9,194 8,047
Cheverly - - 1,344 1,380 1,366 1,162 1,234 1,315 1,463 1,490 1,549 1,623 1,655 1,705 1,617 1,498 1,514 1,484 1,400 1,377 1,439 1,430 1,505 1,503 1,507 1,481 1,560 1,544 1,554 1,609 1,629 1,548 1,571 1,543 1,546
Clarendon - - - 1,899 2,149 2,064 2,254 2,351 2,652 2,468 2,629 2,818 3,078 2,964 2,474 2,564 2,766 2,694 2,611 2,632 2,681 2,708 2,752 2,914 2,935 2,927 3,359 3,752 4,065 4,166 4,406 4,355 4,335 4,414 4,838
Cleveland Park ----- 2,443 2,961 3,870 3,512 3,419 3,708 3,921 3,864 3,934 3,660 4,066 4,204 4,326 4,214 4,443 4,432 4,632 4,396 4,456 4,680 4,520 4,582 4,831 5,082 4,976 5,010 4,807 4,656 4,676 4,700
College Park - - - - - - - - - - - - - - -- 1,120 1,504 1,801 2,116 2,266 2,240 2,709 3,085 3,206 3,331 3,381 3,635 4,203 4,431 4,723 4,627 4,720 4,768 4,619
Columbia Heights - - - - - - - - - - - - - - -- - - - - - - 3,957 4,771 5,346 5,835 6,009 6,596 7,330 8,441 10,168 11,375 11,990 12,386 12,860
Congress Heights - - - - - - - - - - - - - - -- - - - - - - - 1,702 1,920 2,060 2,227 2,371 2,524 2,556 2,723 2,722 2,826 2,819 3,035
Court House - - - 2,825 3,034 2,860 3,113 3,673 4,077 4,059 4,227 4,977 5,310 5,561 5,653 5,630 6,154 6,018 5,752 6,108 6,575 6,583 7,079 7,275 6,695 7,066 7,317 7,356 7,413 7,405 7,381 7,385 7,578 7,483 7,475
Crystal City 3,912 5,110 7,554 8,204 7,438 7,667 9,779 10,602 10,939 12,253 12,965 13,633 13,349 13,335 12,630 12,601 11,704 12,067 11,670 11,596 11,420 11,847 12,108 12,851 12,908 13,560 13,722 12,809 13,324 14,158 15,028 14,748 14,952 15,187 13,592
Deanwood - - 2,535 2,638 2,016 1,851 2,018 1,909 2,026 2,091 2,153 2,206 1,903 2,007 1,827 1,567 1,633 1,708 1,529 1,631 1,656 1,716 1,802 1,854 1,848 1,899 1,914 1,828 1,892 1,827 1,978 1,960 1,909 1,844 1,829
Dunn Loring ----- - -- - 3,065 3,474 3,770 4,546 4,336 4,224 3,958 4,072 3,921 3,783 3,824 3,969 4,057 4,216 4,481 4,534 4,823 5,001 5,024 5,353 5,491 5,502 5,304 5,371 5,310 5,239
Dupont Circle 7,784 10,124 13,617 15,643 14,128 11,628 13,894 16,767 17,099 18,838 19,374 21,075 21,631 17,744 20,922 20,518 20,411 20,586 20,025 19,185 20,067 20,179 21,425 22,625 22,407 22,490 22,514 23,196 23,700 24,149 24,591 23,561 22,907 22,721 18,830
East Falls Church ----- - -- - 3,361 3,768 4,015 4,269 4,329 3,906 3,831 3,762 3,698 3,458 3,528 3,659 3,626 3,756 4,060 4,049 3,871 4,018 3,994 4,238 4,246 4,306 4,202 4,134 4,102 4,287
Eastern Market 2,506 2,662 4,201 4,545 4,519 4,468 4,724 5,074 5,454 5,898 5,941 6,045 5,816 5,369 4,421 4,250 4,281 4,220 3,942 4,005 4,111 4,167 4,452 4,637 4,766 4,811 5,132 5,542 5,822 5,875 5,960 6,038 6,308 6,262 6,193
Eisenhower Ave. - - - - - - 981 1,269 1,473 1,618 1,601 1,935 2,448 1,849 1,337 1,243 1,192 1,158 1,054 984 976 1,047 1,108 1,286 1,534 1,607 1,788 1,788 1,951 2,037 2,164 2,496 2,399 2,094 2,080
Farragut North 7,950 12,531 12,790 15,087 13,102 16,049 15,150 19,446 23,505 23,287 23,982 25,275 24,651 24,914 24,088 18,308 23,364 22,586 22,142 23,427 23,624 23,928 24,885 26,250 25,394 24,612 25,300 25,571 26,624 26,934 26,506 25,311 24,105 23,796 26,773
Farragut West 15,167 17,085 23,386 28,891 27,294 25,396 20,354 24,138 24,246 25,710 27,418 26,751 28,717 27,010 24,529 24,239 23,427 22,302 21,258 21,514 22,725 22,706 23,404 24,636 23,573 23,432 23,874 24,149 24,179 24,121 23,190 22,469 23,137 22,575 22,918
Federal Center SW 2,778 3,604 4,775 5,246 4,645 4,024 4,661 4,928 5,441 5,520 5,909 5,945 6,499 6,545 5,967 6,192 6,039 5,421 4,905 4,860 5,154 5,381 5,453 4,657 4,684 4,903 4,830 5,300 5,293 5,307 6,062 5,902 5,951 6,011 6,439
Federal Triangle 4,036 4,432 5,660 6,774 6,154 5,960 5,481 6,376 7,101 8,777 8,998 9,001 8,799 8,460 8,751 8,114 8,162 7,870 7,461 6,566 7,938 8,470 9,302 9,879 10,424 10,959 10,915 11,166 10,883 10,429 10,603 11,108 10,756 10,258 9,879
Foggy Bottom-GWU 6,144 8,104 9,818 13,528 14,394 12,644 11,605 14,928 14,946 15,600 16,925 18,653 19,674 18,560 16,712 17,401 17,075 17,296 16,312 16,554 16,510 16,733 18,200 19,018 18,487 18,702 19,316 19,846 20,355 20,560 21,248 20,923 21,587 21,318 22,827
Forest Glen ----- - -- ----- 1,788 1,849 1,834 1,890 1,898 1,854 1,868 1,850 1,790 1,860 1,930 2,023 2,025 2,089 2,082 2,170 2,302 2,409 2,514 2,366 2,365 2,448
Fort Totten - 2,969 4,896 5,294 4,481 4,150 3,539 4,363 4,868 5,600 5,484 5,761 5,825 5,585 5,033 4,886 5,034 4,670 4,536 4,324 4,538 4,501 5,121 5,738 5,861 6,082 6,236 6,280 6,665 6,877 7,071 7,198 7,543 7,364 7,636
Franconia-Springfield - - - - - - - - - - - - - - -- - - - - 5,600 6,370 7,131 8,194 8,416 8,482 9,265 9,416 9,857 9,769 9,823 9,591 9,665 9,543 9,089
Friendship Heights ----- - - 5,674 7,106 7,654 7,750 8,164 8,268 8,346 8,388 8,430 8,520 8,343 8,278 8,346 8,424 8,581 9,089 9,195 9,172 9,321 9,310 9,268 9,771 9,713 10,189 9,696 9,804 9,957 9,671
Gallery Place-Chinatown 2,100 2,505 3,938 4,057 4,141 3,753 5,752 6,938 6,708 6,752 6,766 8,547 7,267 8,121 7,581 7,254 7,377 7,462 6,447 6,525 10,179 9,441 10,563 12,494 13,833 15,665 16,443 19,474 20,673 21,921 25,136 25,747 25,894 25,777 26,587
Georgia Avenue - - - - - - - - - - - - - - -- - - - - - - 2,909 3,440 3,766 4,011 4,262 4,396 4,745 4,808 5,041 5,399 5,855 6,027 6,305
Glenmont - - - - - - - - - - - - - - -- - - - - - 4,096 4,619 4,980 5,254 5,481 5,578 5,664 5,944 6,096 6,117 5,966 5,857 5,850 6,190
Greenbelt - - - - - - - - - - - - - - -- 2,486 2,948 3,062 3,844 4,538 4,857 5,786 6,482 6,788 6,911 7,150 7,005 7,305 7,331 7,432 7,397 7,294 6,923 6,940
Grosvenor ----- - - 2,618 2,946 3,161 3,310 3,638 3,794 3,496 3,414 3,669 3,650 3,438 3,381 3,355 3,510 3,431 3,551 3,595 3,772 3,592 4,013 5,428 5,578 5,642 5,817 5,948 5,843 5,876 5,862
Huntington ----- - 4,084 6,099 7,030 7,849 8,002 8,979 9,445 9,075 7,566 7,902 7,109 7,917 7,570 7,544 7,174 7,305 7,787 8,372 8,084 8,136 8,501 8,375 8,648 8,601 8,834 8,847 8,760 9,184 9,060
Judiciary Square 5,490 7,806 7,955 8,527 7,680 7,175 5,576 7,740 7,552 8,300 9,043 8,991 9,347 9,550 9,343 7,379 9,672 9,206 9,372 9,771 9,925 9,924 9,402 10,418 10,570 11,024 10,952 10,324 10,308 10,115 10,234 10,369 9,951 9,643 9,253
King Street ----- - 1,806 2,549 3,437 3,512 3,742 3,945 4,144 4,082 4,054 4,189 4,139 4,038 3,896 4,134 4,393 4,669 5,232 5,678 5,800 6,053 6,971 8,242 8,739 9,084 9,510 9,308 8,991 9,306 9,090
Landover - - 2,381 2,815 2,165 2,219 2,300 2,940 3,191 3,432 3,662 3,859 3,856 3,834 3,541 3,406 3,235 3,192 3,155 3,092 3,219 3,250 3,477 3,462 3,447 3,370 3,424 2,917 2,771 2,796 2,763 2,593 2,570 2,478 2,336
Largo Town Center - - - - - - - - - - - - - - -- - - - - - - - - -- - 4,294 4,826 5,015 5,195 5,112 5,283 5,111 5,159
L'Enfant Plaza 6,154 8,361 11,417 12,929 12,026 11,990 11,393 16,514 17,255 17,944 20,845 19,745 20,979 21,720 19,579 18,530 17,886 17,320 16,812 16,616 17,206 17,270 18,712 20,115 21,117 21,809 22,285 21,878 21,848 21,924 20,269 21,705 22,563 22,067 21,926
McPherson Square 7,024 8,927 12,836 13,829 13,162 13,218 12,746 13,902 15,020 16,177 16,423 17,809 18,918 16,380 14,173 14,953 15,587 14,324 14,009 14,063 14,722 14,710 15,419 16,411 15,956 15,765 16,177 16,047 16,383 16,441 16,959 17,009 17,370 16,873 16,845
Nov May
Station 1977 1978 1979 1980 1981 1982 1984 1985 1986 1987 1988* 1989* 1990** 1991* 1992 1993* 1994 1995** 1996** 1997** 1998** 1999** 2000** 2001** 2002** 2003** 2004** 2005** 2006** 2007** 2008** 2009** 2010** 2011*** 2012***
Medical Center ----- - - 2,715 3,137 3,633 3,964 4,384 4,501 4,286 3,917 3,909 3,927 3,911 3,815 3,734 3,859 3,910 4,141 4,438 4,718 4,881 5,091 5,125 5,100 5,256 5,346 5,627 5,574 5,866 6,010
Metro Center 10,493 13,704 19,400 18,516 19,608 17,635 17,154 16,550 19,386 25,356 24,394 26,888 25,956 25,289 24,128 25,285 26,484 27,643 25,423 24,929 25,801 26,541 27,457 28,941 28,671 28,076 28,450 28,983 29,564 29,798 30,615 30,569 29,698 28,983 28,802
Minnesota Ave. - - 3,689 3,556 2,183 2,305 2,144 2,135 2,365 2,633 2,803 2,660 2,518 2,356 2,116 2,144 1,958 2,177 2,100 2,147 2,320 2,381 2,703 2,890 2,979 3,095 3,158 3,140 3,480 3,488 3,552 3,461 3,410 3,274 3,257
Morgan Boulevard - - - - - - - - - - - - - - -- - - - - - - - - -- - 1,114 1,250 1,346 1,424 1,540 1,674 1,736 2,290
Mt Vernon Sq-UDC - - - - - - - - - - - - - 744 1,439 1,701 1,794 1,861 1,797 1,786 1,909 1,692 1,635 1,818 1,960 2,969 3,377 3,358 3,615 3,633 3,990 3,634 3,888 3,813 4,263
Nat'l Airport (Regan) 2,479 3,305 5,088 5,605 4,619 4,881 4,402 4,497 4,194 5,407 5,117 5,186 5,657 4,548 4,603 4,699 3,997 4,094 4,192 3,956 4,876 4,675 5,039 5,506 4,784 4,659 5,044 6,024 6,220 6,458 6,344 6,349 6,414 6,739 6,341
Navy Yard ----- - -- ----- - 1,186 1,339 1,450 1,425 1,330 1,417 1,524 1,613 1,828 2,323 3,099 2,970 3,132 3,048 3,238 4,243 9,768 9,113 9,156 8,249 9,884
Naylor Road - - - - - - - - - - - - - - -- - - - - - - - 2,373 2,637 2,839 3,092 3,194 3,402 3,325 3,260 3,144 3,165 3,047 3,175
New Carrollton - - 5,715 6,592 6,514 5,886 5,723 5,695 6,065 6,330 8,359 8,867 8,786 8,671 8,374 8,741 5,586 7,670 7,406 7,544 7,924 8,123 8,742 9,065 9,058 9,260 9,586 9,091 10,006 10,436 10,625 10,118 10,287 9,940 9,839
New York Avenue - - - - - - - - - - - - - - -- - - - - - - - - -- - 2,177 2,945 3,489 4,603 5,229 5,673 7,461 8,019
Pentagon 10,558 12,775 14,441 16,123 16,365 15,310 17,714 19,838 19,443 18,721 19,496 20,862 20,687 20,285 18,743 18,157 15,043 16,873 15,869 15,646 15,105 14,707 15,548 17,401 14,136 15,726 15,337 15,171 15,893 15,968 16,055 16,318 16,726 16,999 17,114
Pentagon City 1,312 2,068 3,325 3,586 3,136 3,210 2,335 2,821 2,998 3,309 2,786 3,091 6,650 7,602 7,365 8,387 8,529 9,587 9,895 10,411 10,865 10,832 11,058 11,751 12,805 13,518 15,833 15,783 16,176 16,339 16,803 16,503 17,197 17,023 16,382
Potomac Ave. 2,830 3,384 4,927 4,779 6,753 5,095 5,258 6,383 6,201 6,649 7,164 6,971 6,044 5,079 5,407 5,106 5,264 4,855 4,522 4,514 4,663 4,983 5,353 3,255 3,281 3,247 3,247 3,421 3,651 3,583 3,824 4,098 4,144 4,050 3,978
Prince George's Plaza - - - - - - - - - - - - - - -- 2,257 2,391 2,361 2,568 2,724 2,860 3,389 3,889 4,357 4,644 4,630 4,637 4,872 4,903 5,034 5,093 5,309 5,374 5,336
Rhode Island Ave. 5,665 4,753 4,307 4,989 4,226 4,073 4,069 4,891 5,079 5,837 5,955 6,327 6,328 6,100 5,700 5,674 4,767 4,451 4,051 4,116 4,337 4,474 4,858 5,088 5,105 5,391 5,704 5,491 5,757 6,046 6,144 6,121 5,651 5,227 5,645
Rockville ----- - - 2,140 2,798 3,371 3,537 3,966 3,944 3,866 3,735 3,663 3,550 3,443 3,386 3,338 3,545 3,543 3,844 3,915 3,994 4,106 4,163 4,237 4,365 4,572 4,736 4,880 4,927 4,812 4,834
Rosslyn 11,167 11,725 17,155 12,752 12,241 11,406 11,633 13,856 13,432 15,672 17,560 14,615 13,565 13,637 12,165 13,814 12,771 13,831 13,591 13,597 13,453 13,655 14,672 15,633 14,816 15,397 16,065 16,224 16,770 15,462 17,760 16,941 18,122 17,158 16,718
Shady Grove ----- - - 4,050 5,826 7,319 8,144 9,055 9,106 8,745 8,432 8,325 8,321 9,014 9,023 8,876 9,065 9,111 9,767 10,635 11,050 12,290 13,100 13,360 13,894 14,439 14,390 14,107 13,945 13,856 13,870
Shaw-Howard Univ ----- - -- ----- 1,494 2,483 2,689 3,084 2,854 2,605 2,568 2,786 2,960 3,107 3,320 3,442 3,483 3,498 3,450 3,679 3,804 4,029 4,256 4,290 4,439 4,696
Silver Spring - 9,121 13,860 16,414 15,533 14,478 14,735 13,445 14,043 14,664 14,476 15,729 14,857 13,385 12,741 11,778 12,317 11,311 10,565 10,354 10,579 10,610 11,492 12,040 12,034 12,374 12,464 13,078 14,032 14,777 15,155 14,077 13,421 13,471 13,621
Smithsonian 4,060 6,184 8,312 12,427 9,657 9,711 8,305 8,986 9,503 9,442 11,351 11,121 11,931 12,062 11,580 13,596 12,420 12,844 11,888 12,310 11,712 12,217 12,241 12,155 12,021 11,164 12,915 12,234 12,465 11,597 12,027 12,764 12,895 12,603 11,946
Southern Avenue - - - - - - - - - - - - - - -- - - - - - - - 4,258 5,139 5,543 5,770 5,916 6,278 6,356 6,537 6,263 5,931 5,776 5,909
Stadium-Armory 3,956 4,307 4,316 4,094 3,445 2,887 3,178 3,226 3,399 3,989 4,113 4,063 3,942 3,890 3,525 3,441 3,037 3,586 3,438 3,179 3,069 2,991 3,319 3,174 2,963 3,042 2,939 5,608 5,341 5,329 3,235 3,062 3,559 3,077 3,069
Suitland - - - - - - - - - - - - - - -- - - - - - - - 5,182 5,636 5,859 6,122 6,039 6,214 6,510 6,631 6,453 6,668 6,417 6,396
Takoma - 2,556 3,873 4,809 4,687 4,137 4,629 5,195 5,304 5,529 6,021 6,427 6,227 6,448 5,859 5,944 5,728 5,204 5,171 5,079 5,344 5,543 5,595 6,031 6,019 6,138 6,161 6,201 6,362 6,466 6,664 6,811 6,685 6,488 6,143
Tenleytown ----- - - 4,128 4,805 4,615 5,664 5,776 5,591 5,588 5,315 5,200 5,210 4,805 5,178 5,454 5,612 5,667 5,966 6,143 6,252 6,103 6,511 6,687 7,563 7,493 7,401 7,290 7,091 6,677 7,220
Twinbrook ----- - - 2,354 3,264 3,662 4,330 4,516 4,515 4,211 4,081 3,795 3,855 3,778 3,673 3,783 3,662 3,539 3,863 4,266 4,369 4,541 4,506 4,531 4,763 4,805 4,943 4,628 4,587 4,773 4,632
U Street-Cardozo ----- - -- ----- 1,688 2,903 2,956 3,165 3,127 3,152 3,274 3,338 3,592 3,497 3,725 4,024 4,107 4,513 4,790 5,406 5,934 6,567 7,115 7,183 7,048 7,238
Union Station 7,038 9,248 11,386 12,540 10,464 10,836 12,227 11,761 13,720 15,433 16,116 20,314 21,946 22,595 22,271 25,840 25,911 25,238 23,874 23,965 25,037 26,343 27,330 29,738 30,278 31,681 32,653 31,864 32,596 32,935 34,383 34,465 32,745 33,697 33,250
Van Dorn Street ----- - -- ----- - 2,715 2,990 3,234 3,190 3,305 3,310 2,880 3,065 3,285 3,539 3,481 3,474 3,683 3,679 3,835 3,825 3,828 3,689 3,792 3,653 3,587
Van Ness-UDC ----- 7,657 7,682 6,650 7,759 6,831 7,746 7,926 8,747 6,793 6,036 7,338 6,422 6,701 6,436 6,670 6,264 6,433 6,458 6,770 6,841 6,858 6,923 7,094 7,462 7,730 7,648 7,276 7,155 7,559 6,699
Vienna ----- - -- - 6,165 7,243 7,637 8,353 9,883 10,964 9,211 9,097 9,386 9,392 9,536 10,093 9,940 10,238 11,607 12,120 12,567 12,854 12,832 13,177 13,143 13,642 13,759 13,967 13,682 13,773
Virginia Square-GMU - - - 1,728 2,259 2,212 2,350 2,757 2,796 2,341 2,403 2,454 2,312 2,669 2,862 2,432 2,396 2,348 2,287 2,169 2,301 2,205 2,334 2,607 2,623 3,007 3,135 3,289 3,608 3,886 4,016 4,067 4,103 3,953 3,733
Waterfront ----- - -- ----- - 3,320 3,723 3,947 4,112 3,878 4,054 4,157 4,563 4,466 4,628 4,040 3,284 3,275 3,146 3,163 3,201 3,175 3,067 3,974 4,236 4,536
West Falls Church ----- - -- - 4,140 4,535 5,229 5,568 5,597 5,260 5,297 5,425 5,299 5,217 5,640 6,078 6,231 6,973 7,279 7,894 8,561 8,584 9,649 10,124 10,290 10,748 10,499 10,836 10,740 10,891
West Hyattsville - - - - - - - - - - - - - - -- 1,585 1,876 1,901 1,972 2,140 2,222 2,793 3,150 3,317 3,242 3,434 3,415 3,656 3,839 3,925 3,694 3,809 3,855 3,951
Wheaton ----- - -- ----- 5,251 5,584 5,601 5,586 5,508 5,337 5,291 5,574 3,384 4,001 4,388 4,576 4,746 4,498 4,468 4,887 4,874 4,754 4,653 4,543 4,472 4,374
White Flint ----- - - 2,199 3,077 3,775 4,109 4,074 4,333 3,955 3,903 3,546 3,661 3,605 3,613 3,719 3,662 3,752 4,050 4,287 4,446 4,223 4,172 3,682 3,714 4,010 4,097 4,096 4,210 4,266 4,151
Woodley Park-Zoo ----- 4,456 4,235 6,461 6,800 6,313 6,275 6,296 6,352 6,704 7,077 6,890 7,309 6,609 6,391 6,617 6,618 6,355 6,643 7,353 7,419 6,750 7,492 7,566 8,077 8,471 8,726 8,292 7,607 7,864 7,915
Total 102,553 138,129 196,668 235,673 233,516 226,405 235,739 290,765 311,628 338,537 354,136 373,869 381,848 407,073 513,518 513,155 517,256 517,622 499,427 503,794 527,986 538,498 576,945 627,630 631,817 645,431 667,741 687,299 714,953 726,013 751,855 747,557 750,603 743,961 744,918
